                26               117
    0.56827921E+00    0.56827921E+00    0.20943950E+00    0.19182812E+02    0.17547345E+03   -0.13852223E+03
   -0.30000000E-02    0.49999999E-02    0.10000000E+01    0.17573098E-01
   -0.40918209E-01    0.13795952E-01   -0.50005591E-02    0.15676568E-02   -0.17353946E-03    0.75037160E-05    0.19556066E-03
    0.88574761E+00    0.13795952E-01   -0.50005591E-02    0.15676568E-02   -0.17353946E-03    0.75037160E-05    0.92686141E+00
    0.41518464E+01    0.67061081E+02   -0.65440161E+03    0.15228766E+05   -0.15539394E+06   -0.17773754E+07    0.59841466E+00
   -0.13832243E+00   -0.99673998E+00   -0.13043337E+00   -0.44446569E-02   -0.64176609E-04    0.29748345E-02
   -0.26530039E-02    0.99416208E+00   -0.24888990E-03   -0.13724643E-03   -0.27582661E-03   -0.33473797E-03
   -0.13913591E+00   -0.10033404E+01   -0.13115396E+00    0.44595357E-02   -0.11468547E-03    0.35895552E-02
    0.26450604E-02    0.10058300E+01   -0.18644435E-03   -0.47863487E-04    0.26886995E-03    0.33143832E-03
Optical constants for Andor UV-Mechelle                                          
